Linux 4.15.0-117-generic (sl1-21) 	Friday 29 January 2021 	_x86_64_	(4 CPU)

06:43:04  IST  CPU    %usr   %nice    %sys %iowait    %irq   %soft  %steal  %guest  %gnice   %idle
06:43:09  IST  all    0.00    0.00    0.00    0.00    0.00    0.00    0.00    0.00    0.00  100.00
06:43:14  IST  all   52.15    0.00    2.55    0.00    0.00    0.10    0.00    0.00    0.00   45.20
06:43:19  IST  all   93.50    0.00    6.00    0.00    0.00    0.50    0.00    0.00    0.00    0.00
06:43:24  IST  all   94.75    0.00    5.00    0.00    0.00    0.25    0.00    0.00    0.00    0.00
06:43:29  IST  all   95.45    0.00    4.35    0.00    0.00    0.20    0.00    0.00    0.00    0.00
06:43:34  IST  all   95.35    0.00    4.55    0.00    0.00    0.10    0.00    0.00    0.00    0.00
06:43:39  IST  all   95.60    0.00    4.25    0.00    0.00    0.15    0.00    0.00    0.00    0.00
06:43:44  IST  all   95.40    0.00    4.20    0.00    0.00    0.40    0.00    0.00    0.00    0.00
06:43:49  IST  all   96.00    0.00    3.95    0.00    0.00    0.05    0.00    0.00    0.00    0.00
06:43:54  IST  all   95.60    0.00    4.35    0.00    0.00    0.05    0.00    0.00    0.00    0.00
06:43:59  IST  all   95.60    0.00    4.30    0.00    0.00    0.10    0.00    0.00    0.00    0.00
06:44:04  IST  all   95.15    0.00    4.75    0.00    0.00    0.10    0.00    0.00    0.00    0.00
06:44:09  IST  all   95.15    0.00    4.35    0.00    0.00    0.50    0.00    0.00    0.00    0.00
06:44:14  IST  all   95.40    0.00    4.50    0.00    0.00    0.10    0.00    0.00    0.00    0.00
06:44:19  IST  all   95.90    0.00    4.00    0.00    0.00    0.10    0.00    0.00    0.00    0.00
06:44:24  IST  all   95.60    0.00    4.30    0.00    0.00    0.10    0.00    0.00    0.00    0.00
06:44:29  IST  all   95.20    0.00    4.65    0.00    0.00    0.15    0.00    0.00    0.00    0.00
06:44:34  IST  all   95.60    0.00    4.25    0.00    0.00    0.15    0.00    0.00    0.00    0.00
06:44:39  IST  all   95.65    0.00    4.30    0.00    0.00    0.05    0.00    0.00    0.00    0.00
06:44:44  IST  all   95.60    0.00    4.35    0.00    0.00    0.05    0.00    0.00    0.00    0.00
06:44:49  IST  all   95.80    0.00    4.10    0.00    0.00    0.10    0.00    0.00    0.00    0.00
06:44:54  IST  all   95.20    0.00    4.45    0.00    0.00    0.35    0.00    0.00    0.00    0.00
06:44:59  IST  all   96.10    0.00    3.70    0.00    0.00    0.20    0.00    0.00    0.00    0.00
06:45:04  IST  all   95.60    0.00    4.35    0.00    0.00    0.05    0.00    0.00    0.00    0.00
06:45:09  IST  all   95.40    0.00    4.55    0.00    0.00    0.05    0.00    0.00    0.00    0.00
06:45:14  IST  all   95.60    0.00    4.35    0.00    0.00    0.05    0.00    0.00    0.00    0.00
06:45:19  IST  all   95.65    0.00    4.10    0.00    0.00    0.25    0.00    0.00    0.00    0.00
06:45:24  IST  all   94.65    0.00    5.25    0.00    0.00    0.10    0.00    0.00    0.00    0.00
06:45:29  IST  all   95.65    0.00    4.25    0.00    0.00    0.10    0.00    0.00    0.00    0.00
06:45:34  IST  all   95.30    0.00    4.55    0.00    0.00    0.15    0.00    0.00    0.00    0.00
06:45:39  IST  all   95.75    0.00    4.25    0.00    0.00    0.00    0.00    0.00    0.00    0.00
06:45:44  IST  all   95.25    0.00    4.35    0.00    0.00    0.40    0.00    0.00    0.00    0.00
06:45:49  IST  all   95.90    0.00    3.90    0.00    0.00    0.20    0.00    0.00    0.00    0.00
06:45:54  IST  all   95.00    0.00    4.80    0.00    0.00    0.20    0.00    0.00    0.00    0.00
06:45:59  IST  all   95.05    0.00    4.95    0.00    0.00    0.00    0.00    0.00    0.00    0.00
06:46:04  IST  all   95.10    0.00    4.75    0.00    0.00    0.15    0.00    0.00    0.00    0.00
06:46:09  IST  all   95.15    0.00    4.70    0.00    0.00    0.15    0.00    0.00    0.00    0.00
06:46:14  IST  all   94.90    0.00    5.05    0.00    0.00    0.05    0.00    0.00    0.00    0.00
06:46:19  IST  all   95.50    0.00    4.35    0.00    0.00    0.15    0.00    0.00    0.00    0.00
06:46:24  IST  all   95.20    0.00    4.70    0.00    0.00    0.10    0.00    0.00    0.00    0.00
06:46:29  IST  all   95.65    0.00    4.30    0.00    0.00    0.05    0.00    0.00    0.00    0.00
06:46:34  IST  all   94.90    0.00    4.75    0.00    0.00    0.35    0.00    0.00    0.00    0.00
06:46:39  IST  all   95.30    0.00    4.40    0.00    0.00    0.30    0.00    0.00    0.00    0.00
06:46:44  IST  all   94.75    0.00    5.15    0.00    0.00    0.10    0.00    0.00    0.00    0.00
06:46:49  IST  all   95.00    0.00    4.90    0.00    0.00    0.10    0.00    0.00    0.00    0.00
06:46:54  IST  all   94.70    0.00    5.20    0.00    0.00    0.10    0.00    0.00    0.00    0.00
06:46:59  IST  all   95.45    0.00    4.45    0.00    0.00    0.10    0.00    0.00    0.00    0.00
06:47:04  IST  all   95.30    0.00    4.55    0.00    0.00    0.15    0.00    0.00    0.00    0.00
06:47:09  IST  all   95.65    0.00    4.30    0.00    0.00    0.05    0.00    0.00    0.00    0.00
06:47:14  IST  all   95.45    0.00    4.50    0.00    0.00    0.05    0.00    0.00    0.00    0.00
06:47:19  IST  all   96.30    0.00    3.60    0.00    0.00    0.10    0.00    0.00    0.00    0.00
06:47:24  IST  all   95.30    0.00    4.45    0.00    0.00    0.25    0.00    0.00    0.00    0.00
06:47:29  IST  all   95.15    0.00    4.60    0.00    0.00    0.25    0.00    0.00    0.00    0.00
06:47:34  IST  all   95.75    0.00    4.15    0.00    0.00    0.10    0.00    0.00    0.00    0.00
06:47:39  IST  all   95.25    0.00    4.70    0.00    0.00    0.05    0.00    0.00    0.00    0.00
06:47:44  IST  all   95.40    0.00    4.45    0.00    0.00    0.15    0.00    0.00    0.00    0.00
06:47:49  IST  all   95.55    0.00    4.35    0.00    0.00    0.10    0.00    0.00    0.00    0.00
06:47:54  IST  all   95.65    0.00    4.35    0.00    0.00    0.00    0.00    0.00    0.00    0.00
06:47:59  IST  all   95.75    0.00    4.15    0.00    0.00    0.10    0.00    0.00    0.00    0.00
06:48:04  IST  all   95.10    0.00    4.80    0.00    0.00    0.10    0.00    0.00    0.00    0.00
06:48:09  IST  all   95.85    0.00    3.90    0.00    0.00    0.25    0.00    0.00    0.00    0.00
06:48:14  IST  all   95.30    0.00    4.50    0.00    0.00    0.20    0.00    0.00    0.00    0.00
06:48:19  IST  all   95.60    0.00    4.40    0.00    0.00    0.00    0.00    0.00    0.00    0.00
06:48:24  IST  all   95.60    0.00    4.30    0.00    0.00    0.10    0.00    0.00    0.00    0.00
06:48:29  IST  all   75.99    0.00    2.70    0.05    0.00    0.10    0.00    0.00    0.00   21.16
06:48:34  IST  all   20.34    0.00    1.50    0.00    0.00    0.00    0.00    0.00    0.00   78.16
06:48:39  IST  all   19.38    0.00    1.05    0.00    0.00    0.00    0.00    0.00    0.00   79.57
06:48:44  IST  all    9.20    0.00    0.70    0.05    0.00    0.05    0.00    0.00    0.00   90.00
06:48:49  IST  all    7.50    0.00    0.85    0.00    0.00    0.00    0.00    0.00    0.00   91.65
06:48:54  IST  all    0.00    0.00    0.00    0.05    0.00    0.00    0.00    0.00    0.00   99.95
06:48:59  IST  all    0.00    0.00    0.10    0.00    0.00    0.00    0.00    0.00    0.00   99.90
06:49:04  IST  all    0.05    0.00    0.00    0.00    0.00    0.00    0.00    0.00    0.00   99.95
06:49:09  IST  all    0.05    0.00    0.00    0.00    0.00    0.00    0.00    0.00    0.00   99.95
06:49:14  IST  all    0.10    0.00    0.10    0.00    0.00    0.00    0.00    0.00    0.00   99.80
06:49:19  IST  all    0.00    0.00    0.00    0.00    0.00    0.00    0.00    0.00    0.00  100.00
06:49:24  IST  all    0.00    0.00    0.05    0.00    0.00    0.00    0.00    0.00    0.00   99.95
06:49:29  IST  all    0.05    0.00    0.05    0.00    0.00    0.00    0.00    0.00    0.00   99.90

Average:     all   79.22    0.00    3.72    0.00    0.00    0.12    0.00    0.00    0.00   16.94
