Linux 4.15.0-117-generic (sl1-21) 	Thursday 28 January 2021 	_x86_64_	(4 CPU)

11:47:37  IST  CPU    %usr   %nice    %sys %iowait    %irq   %soft  %steal  %guest  %gnice   %idle
11:47:42  IST  all    0.05    0.00    0.05    0.00    0.00    0.00    0.00    0.00    0.00   99.90
11:47:47  IST  all    0.00    0.00    0.00    0.00    0.00    0.00    0.00    0.00    0.00  100.00
11:47:52  IST  all    0.00    0.00    0.05    0.00    0.00    0.00    0.00    0.00    0.00   99.95
11:47:57  IST  all    0.00    0.00    0.05    0.00    0.00    0.00    0.00    0.00    0.00   99.95
11:48:02  IST  all    0.05    0.00    0.00    0.00    0.00    0.00    0.00    0.00    0.00   99.95
11:48:07  IST  all    0.00    0.00    0.00    0.00    0.00    0.00    0.00    0.00    0.00  100.00
11:48:12  IST  all    0.10    0.00    0.05    0.00    0.00    0.00    0.00    0.00    0.00   99.85
11:48:17  IST  all    0.05    0.00    0.10    0.00    0.00    0.00    0.00    0.00    0.00   99.85
11:48:22  IST  all    0.00    0.00    0.05    0.00    0.00    0.00    0.00    0.00    0.00   99.95
11:48:27  IST  all   28.08    0.00    1.64    0.00    0.00    6.48    0.00    0.00    0.00   63.80
11:48:32  IST  all   31.81    0.00    2.11    0.05    0.00    8.80    0.00    0.00    0.00   57.24
11:48:37  IST  all   32.71    0.00    2.00    0.05    0.00    7.61    0.00    0.00    0.00   57.63
11:48:42  IST  all   32.52    0.00    1.61    0.05    0.00    8.37    0.00    0.00    0.00   57.45
11:48:47  IST  all   32.84    0.00    1.81    0.05    0.00    7.57    0.00    0.00    0.00   57.73
11:48:52  IST  all   33.90    0.00    1.59    0.05    0.00    6.79    0.00    0.00    0.00   57.68
11:48:57  IST  all   33.94    0.00    1.92    0.00    0.00    6.38    0.00    0.00    0.00   57.75
11:49:02  IST  all   32.39    0.00    2.36    0.05    0.00    7.46    0.00    0.00    0.00   57.74
11:49:07  IST  all   31.94    0.00    2.58    0.05    0.00    8.20    0.00    0.00    0.00   57.24
11:49:12  IST  all   32.87    0.00    2.66    0.00    0.00    6.83    0.00    0.00    0.00   57.64
11:49:17  IST  all   32.45    0.00    2.09    0.05    0.00    7.26    0.00    0.00    0.00   58.15
11:49:22  IST  all   34.71    0.00    2.04    0.05    0.00    5.07    0.00    0.00    0.00   58.13
11:49:27  IST  all   34.11    0.00    1.41    0.05    0.00    6.28    0.00    0.00    0.00   58.15
11:49:32  IST  all   33.36    0.00    1.73    0.05    0.00    6.41    0.00    0.00    0.00   58.45
11:49:37  IST  all   33.54    0.00    1.65    0.05    0.00    6.26    0.00    0.00    0.00   58.51
11:49:42  IST  all   33.19    0.00    2.07    0.05    0.00    6.29    0.00    0.00    0.00   58.40
11:49:47  IST  all   32.99    0.00    2.31    0.05    0.00    6.03    0.00    0.00    0.00   58.62
11:49:52  IST  all   33.41    0.00    2.53    0.05    0.00    5.68    0.00    0.00    0.00   58.33
11:49:57  IST  all   33.13    0.00    1.97    0.05    0.00    6.41    0.00    0.00    0.00   58.45
11:50:02  IST  all   33.02    0.00    2.33    0.05    0.00    7.04    0.00    0.00    0.00   57.56
11:50:07  IST  all   32.65    0.00    2.33    0.00    0.00    7.22    0.00    0.00    0.00   57.80
11:50:12  IST  all   32.87    0.00    1.86    0.05    0.00    7.47    0.00    0.00    0.00   57.75
11:50:17  IST  all   32.78    0.00    1.90    0.00    0.00    7.92    0.00    0.00    0.00   57.41
11:50:22  IST  all   32.56    0.00    2.00    0.05    0.00    7.27    0.00    0.00    0.00   58.13
11:50:27  IST  all   33.29    0.00    1.54    0.09    0.00    6.85    0.00    0.00    0.00   58.23
11:50:32  IST  all   33.71    0.00    1.41    0.00    0.00    6.53    0.00    0.00    0.00   58.36
11:50:37  IST  all   33.24    0.00    1.63    0.05    0.00    7.03    0.00    0.00    0.00   58.05
11:50:42  IST  all   32.96    0.00    2.33    0.05    0.00    6.94    0.00    0.00    0.00   57.73
11:50:47  IST  all   31.96    0.00    2.73    0.05    0.00    7.74    0.00    0.00    0.00   57.53
11:50:52  IST  all   32.63    0.00    2.29    0.00    0.00    6.97    0.00    0.00    0.00   58.11
11:50:57  IST  all   32.14    0.00    2.37    0.05    0.00    7.51    0.00    0.00    0.00   57.93
11:51:02  IST  all   33.30    0.00    2.19    0.05    0.00    6.81    0.00    0.00    0.00   57.65
11:51:07  IST  all   33.70    0.00    1.56    0.09    0.00    5.95    0.00    0.00    0.00   58.71
11:51:12  IST  all   34.08    0.00    1.50    0.00    0.00    6.04    0.00    0.00    0.00   58.38
11:51:17  IST  all   34.02    0.00    1.36    0.05    0.00    6.15    0.00    0.00    0.00   58.42
11:51:22  IST  all   33.71    0.00    1.50    0.05    0.00    6.28    0.00    0.00    0.00   58.46
11:51:27  IST  all   33.55    0.00    1.79    0.05    0.00    5.95    0.00    0.00    0.00   58.66
11:51:32  IST  all   33.54    0.00    1.99    0.00    0.00    5.68    0.00    0.00    0.00   58.79
11:51:37  IST  all   33.68    0.00    2.32    0.00    0.00    5.31    0.00    0.00    0.00   58.68
11:51:42  IST  all   32.70    0.00    3.30    0.05    0.00    6.09    0.00    0.00    0.00   57.86
11:51:47  IST  all   32.60    0.00    2.49    0.05    0.00    7.33    0.00    0.00    0.00   57.54
11:51:52  IST  all   33.27    0.00    1.78    0.05    0.00    6.59    0.00    0.00    0.00   58.32
11:51:57  IST  all   33.58    0.00    2.17    0.05    0.00    6.12    0.00    0.00    0.00   58.08
11:52:02  IST  all   32.65    0.00    2.00    0.05    0.00    7.31    0.00    0.00    0.00   57.99
11:52:07  IST  all   32.65    0.00    2.00    0.05    0.00    7.48    0.00    0.00    0.00   57.83
11:52:12  IST  all   32.19    0.00    2.31    0.00    0.00    7.82    0.00    0.00    0.00   57.68
11:52:17  IST  all   32.79    0.00    1.91    0.05    0.00    7.44    0.00    0.00    0.00   57.81
11:52:22  IST  all   33.19    0.00    1.63    0.05    0.00    7.31    0.00    0.00    0.00   57.82
11:52:27  IST  all   33.61    0.00    1.58    0.00    0.00    7.56    0.00    0.00    0.00   57.26
11:52:32  IST  all   33.50    0.00    1.40    0.00    0.00    7.18    0.00    0.00    0.00   57.92
11:52:37  IST  all   33.18    0.00    1.62    0.05    0.00    7.52    0.00    0.00    0.00   57.63
11:52:42  IST  all   32.60    0.00    2.10    0.05    0.00    7.08    0.00    0.00    0.00   58.17
11:52:47  IST  all   32.42    0.00    2.47    0.05    0.00    7.04    0.00    0.00    0.00   58.02
11:52:52  IST  all   31.66    0.00    2.65    0.05    0.00    7.50    0.00    0.00    0.00   58.15
11:52:57  IST  all   32.24    0.00    2.53    0.00    0.00    6.79    0.00    0.00    0.00   58.45
11:53:02  IST  all   32.31    0.00    2.43    0.05    0.00    7.14    0.00    0.00    0.00   58.08
11:53:07  IST  all   32.40    0.00    2.19    0.05    0.00    7.26    0.00    0.00    0.00   58.10
11:53:12  IST  all   33.08    0.00    2.16    0.05    0.00    6.29    0.00    0.00    0.00   58.42
11:53:17  IST  all   34.11    0.00    1.89    0.05    0.00    5.44    0.00    0.00    0.00   58.51
11:53:22  IST  all   34.10    0.00    1.59    0.05    0.00    5.95    0.00    0.00    0.00   58.31
11:53:27  IST  all    5.53    0.00    0.15    0.05    0.00    1.33    0.00    0.00    0.00   92.93
11:53:32  IST  all    0.00    0.00    0.00    0.00    0.00    0.00    0.00    0.00    0.00  100.00
11:53:37  IST  all    0.00    0.00    0.10    0.00    0.00    0.00    0.00    0.00    0.00   99.90
11:53:42  IST  all    0.00    0.00    0.00    0.00    0.00    0.00    0.00    0.00    0.00  100.00
11:53:47  IST  all    0.05    0.00    0.05    0.05    0.00    0.00    0.00    0.00    0.00   99.85
11:53:52  IST  all    0.05    0.00    0.05    0.00    0.00    0.00    0.00    0.00    0.00   99.90
11:53:57  IST  all    0.00    0.00    0.15    0.00    0.00    0.00    0.00    0.00    0.00   99.85
11:54:02  IST  all    0.10    0.00    0.00    0.00    0.00    0.00    0.00    0.00    0.00   99.90
11:54:07  IST  all    0.00    0.00    0.05    0.00    0.00    0.00    0.00    0.00    0.00   99.95
11:54:12  IST  all    0.10    0.00    0.05    0.00    0.00    0.00    0.00    0.00    0.00   99.85
11:54:17  IST  all    0.05    0.00    0.05    0.00    0.00    0.00    0.00    0.00    0.00   99.90
11:54:22  IST  all    0.05    0.00    0.05    0.00    0.00    0.00    0.00    0.00    0.00   99.90
11:54:27  IST  all    0.00    0.00    0.00    0.00    0.00    0.00    0.00    0.00    0.00  100.00
11:54:32  IST  all    0.00    0.00    0.00    0.00    0.00    0.00    0.00    0.00    0.00  100.00
11:54:37  IST  all    0.00    0.00    0.05    0.00    0.00    0.00    0.00    0.00    0.00   99.95
11:54:42  IST  all    0.00    0.00    0.00    0.00    0.00    0.00    0.00    0.00    0.00  100.00
11:54:47  IST  all    0.25    0.00    0.05    0.00    0.00    0.00    0.00    0.00    0.00   99.70
11:54:52  IST  all    0.05    0.00    0.00    0.00    0.00    0.00    0.00    0.00    0.00   99.95
11:54:57  IST  all    0.00    0.00    0.00    0.00    0.00    0.00    0.00    0.00    0.00  100.00
11:55:02  IST  all    0.05    0.00    0.10    0.00    0.00    0.00    0.00    0.00    0.00   99.85
11:55:07  IST  all    0.00    0.00    0.05    0.05    0.00    0.00    0.00    0.00    0.00   99.90
11:55:12  IST  all    0.10    0.00    0.00    0.00    0.00    0.00    0.00    0.00    0.00   99.90
11:55:17  IST  all    0.00    0.00    0.05    0.00    0.00    0.00    0.00    0.00    0.00   99.95
11:55:22  IST  all    0.00    0.00    0.05    0.00    0.00    0.00    0.00    0.00    0.00   99.95
11:55:27  IST  all    0.15    0.00    0.05    0.00    0.00    0.00    0.00    0.00    0.00   99.80
11:55:32  IST  all    0.05    0.00    0.05    0.00    0.00    0.00    0.00    0.00    0.00   99.90
11:55:37  IST  all    0.05    0.00    0.00    0.00    0.00    0.00    0.00    0.00    0.00   99.95
11:55:42  IST  all    0.00    0.00    0.05    0.00    0.00    0.00    0.00    0.00    0.00   99.95
11:55:47  IST  all    0.00    0.00    0.00    0.00    0.00    0.00    0.00    0.00    0.00  100.00
11:55:52  IST  all    0.00    0.00    0.10    0.00    0.00    0.00    0.00    0.00    0.00   99.90
11:55:57  IST  all    0.00    0.00    0.00    0.00    0.00    0.00    0.00    0.00    0.00  100.00
11:56:02  IST  all    0.10    0.00    0.05    0.00    0.00    0.00    0.00    0.00    0.00   99.85
11:56:07  IST  all    0.00    0.00    0.50    0.00    0.00    0.00    0.00    0.00    0.00   99.50
11:56:12  IST  all    0.10    0.00    0.10    0.00    0.00    0.00    0.00    0.00    0.00   99.80
11:56:17  IST  all    0.10    0.00    0.05    0.00    0.00    0.00    0.00    0.00    0.00   99.85
11:56:22  IST  all    0.00    0.00    0.00    0.05    0.00    0.00    0.00    0.00    0.00   99.95
11:56:27  IST  all    0.00    0.00    0.05    0.00    0.00    0.00    0.00    0.00    0.00   99.95
11:56:32  IST  all    0.00    0.00    0.05    0.00    0.00    0.00    0.00    0.00    0.00   99.95
11:56:37  IST  all    0.05    0.00    0.05    0.00    0.00    0.00    0.00    0.00    0.00   99.90
11:56:42  IST  all    0.00    0.00    0.05    0.00    0.00    0.00    0.00    0.00    0.00   99.95
11:56:47  IST  all    0.00    0.00    0.00    0.00    0.00    0.00    0.00    0.00    0.00  100.00
11:56:52  IST  all    0.05    0.00    0.40    0.00    0.00    0.00    0.00    0.00    0.00   99.55
11:56:57  IST  all    0.05    0.00    0.84    0.05    0.00    0.05    0.00    0.00    0.00   99.01
11:57:02  IST  all    0.05    0.00    0.75    0.00    0.00    0.00    0.00    0.00    0.00   99.20

Average:     all   18.13    0.00    1.15    0.02    0.00    3.77    0.00    0.00    0.00   76.93
