Linux 4.15.0-117-generic (sl1-21) 	Friday 29 January 2021 	_x86_64_	(4 CPU)

07:24:49  IST  CPU    %usr   %nice    %sys %iowait    %irq   %soft  %steal  %guest  %gnice   %idle
07:24:54  IST  all    0.00    0.00    0.05    0.00    0.00    0.00    0.00    0.00    0.00   99.95
07:24:59  IST  all    0.00    0.00    0.05    0.00    0.00    0.00    0.00    0.00    0.00   99.95
07:25:04  IST  all    0.15    0.00    0.00    0.00    0.00    0.00    0.00    0.00    0.00   99.85
07:25:09  IST  all   74.35    0.00    3.55    0.00    0.00    0.10    0.00    0.00    0.00   22.00
07:25:14  IST  all   95.75    0.00    4.20    0.00    0.00    0.05    0.00    0.00    0.00    0.00
07:25:19  IST  all   95.70    0.00    4.25    0.00    0.00    0.05    0.00    0.00    0.00    0.00
07:25:24  IST  all   95.55    0.00    4.35    0.00    0.00    0.10    0.00    0.00    0.00    0.00
07:25:29  IST  all   95.85    0.00    4.15    0.00    0.00    0.00    0.00    0.00    0.00    0.00
07:25:34  IST  all   95.45    0.00    4.45    0.00    0.00    0.10    0.00    0.00    0.00    0.00
07:25:39  IST  all   95.55    0.00    4.30    0.00    0.00    0.15    0.00    0.00    0.00    0.00
07:25:44  IST  all   95.15    0.00    4.70    0.00    0.00    0.15    0.00    0.00    0.00    0.00
07:25:49  IST  all   95.20    0.00    4.50    0.00    0.00    0.30    0.00    0.00    0.00    0.00
07:25:54  IST  all   95.20    0.00    4.55    0.00    0.00    0.25    0.00    0.00    0.00    0.00
07:25:59  IST  all   95.00    0.00    4.45    0.00    0.00    0.55    0.00    0.00    0.00    0.00
07:26:04  IST  all   94.60    0.00    4.90    0.00    0.00    0.50    0.00    0.00    0.00    0.00
07:26:09  IST  all   95.20    0.00    4.35    0.00    0.00    0.45    0.00    0.00    0.00    0.00
07:26:14  IST  all   95.30    0.00    4.30    0.00    0.00    0.40    0.00    0.00    0.00    0.00
07:26:19  IST  all   94.80    0.00    4.55    0.00    0.00    0.65    0.00    0.00    0.00    0.00
07:26:24  IST  all   94.80    0.00    4.60    0.00    0.00    0.60    0.00    0.00    0.00    0.00
07:26:29  IST  all   94.75    0.00    4.45    0.00    0.00    0.80    0.00    0.00    0.00    0.00
07:26:34  IST  all   95.35    0.00    4.15    0.00    0.00    0.50    0.00    0.00    0.00    0.00
07:26:39  IST  all   95.35    0.00    4.00    0.00    0.00    0.65    0.00    0.00    0.00    0.00
07:26:44  IST  all   95.15    0.00    4.10    0.00    0.00    0.75    0.00    0.00    0.00    0.00
07:26:49  IST  all   94.55    0.00    4.70    0.00    0.00    0.75    0.00    0.00    0.00    0.00
07:26:54  IST  all   95.00    0.00    4.25    0.00    0.00    0.75    0.00    0.00    0.00    0.00
07:26:59  IST  all   94.70    0.00    4.35    0.00    0.00    0.95    0.00    0.00    0.00    0.00
07:27:04  IST  all   95.40    0.00    4.05    0.00    0.00    0.55    0.00    0.00    0.00    0.00
07:27:09  IST  all   94.35    0.00    4.65    0.00    0.00    1.00    0.00    0.00    0.00    0.00
07:27:14  IST  all   94.75    0.00    4.30    0.00    0.00    0.95    0.00    0.00    0.00    0.00
07:27:19  IST  all   94.95    0.00    4.15    0.00    0.00    0.90    0.00    0.00    0.00    0.00
07:27:24  IST  all   94.80    0.00    4.45    0.00    0.00    0.75    0.00    0.00    0.00    0.00
07:27:29  IST  all   94.15    0.00    4.80    0.00    0.00    1.05    0.00    0.00    0.00    0.00
07:27:34  IST  all   94.45    0.00    4.50    0.00    0.00    1.05    0.00    0.00    0.00    0.00
07:27:39  IST  all   94.15    0.00    4.90    0.00    0.00    0.95    0.00    0.00    0.00    0.00
07:27:44  IST  all   94.65    0.00    4.30    0.00    0.00    1.05    0.00    0.00    0.00    0.00
07:27:49  IST  all   93.65    0.00    5.10    0.00    0.00    1.25    0.00    0.00    0.00    0.00
07:27:54  IST  all   94.05    0.00    4.95    0.00    0.00    1.00    0.00    0.00    0.00    0.00
07:27:59  IST  all   94.75    0.00    4.30    0.00    0.00    0.95    0.00    0.00    0.00    0.00
07:28:04  IST  all   94.30    0.00    4.25    0.00    0.00    1.45    0.00    0.00    0.00    0.00
07:28:09  IST  all   94.40    0.00    4.15    0.00    0.00    1.45    0.00    0.00    0.00    0.00
07:28:14  IST  all   94.60    0.00    4.20    0.00    0.00    1.20    0.00    0.00    0.00    0.00
07:28:19  IST  all   93.75    0.00    4.95    0.00    0.00    1.30    0.00    0.00    0.00    0.00
07:28:24  IST  all   93.85    0.00    4.55    0.00    0.00    1.60    0.00    0.00    0.00    0.00
07:28:29  IST  all   94.60    0.00    4.10    0.00    0.00    1.30    0.00    0.00    0.00    0.00
07:28:34  IST  all   94.25    0.00    3.75    0.00    0.00    2.00    0.00    0.00    0.00    0.00
07:28:39  IST  all   93.95    0.00    4.30    0.00    0.00    1.75    0.00    0.00    0.00    0.00
07:28:44  IST  all   93.90    0.00    4.35    0.00    0.00    1.75    0.00    0.00    0.00    0.00
07:28:49  IST  all   93.55    0.00    4.05    0.00    0.00    2.40    0.00    0.00    0.00    0.00
07:28:54  IST  all   94.05    0.00    3.85    0.00    0.00    2.10    0.00    0.00    0.00    0.00
07:28:59  IST  all   93.05    0.00    4.65    0.00    0.00    2.30    0.00    0.00    0.00    0.00
07:29:04  IST  all   92.80    0.00    4.70    0.00    0.00    2.50    0.00    0.00    0.00    0.00
07:29:09  IST  all   92.70    0.00    4.40    0.00    0.00    2.90    0.00    0.00    0.00    0.00
07:29:14  IST  all   93.40    0.00    4.00    0.00    0.00    2.60    0.00    0.00    0.00    0.00
07:29:19  IST  all   93.15    0.00    4.00    0.00    0.00    2.85    0.00    0.00    0.00    0.00
07:29:24  IST  all   92.55    0.00    4.50    0.00    0.00    2.95    0.00    0.00    0.00    0.00
07:29:29  IST  all   92.15    0.00    4.30    0.00    0.00    3.55    0.00    0.00    0.00    0.00
07:29:34  IST  all   92.00    0.00    4.55    0.00    0.00    3.45    0.00    0.00    0.00    0.00
07:29:39  IST  all   92.60    0.00    4.15    0.00    0.00    3.25    0.00    0.00    0.00    0.00
07:29:44  IST  all   91.65    0.00    4.55    0.00    0.00    3.80    0.00    0.00    0.00    0.00
07:29:49  IST  all   92.00    0.00    4.15    0.00    0.00    3.85    0.00    0.00    0.00    0.00
07:29:54  IST  all   91.70    0.00    4.05    0.00    0.00    4.25    0.00    0.00    0.00    0.00
07:29:59  IST  all   91.75    0.00    4.10    0.00    0.00    4.15    0.00    0.00    0.00    0.00
07:30:04  IST  all   90.20    0.00    5.60    0.00    0.00    4.20    0.00    0.00    0.00    0.00
07:30:09  IST  all   92.50    0.00    4.30    0.00    0.00    3.20    0.00    0.00    0.00    0.00
07:30:14  IST  all   94.35    0.00    4.65    0.00    0.00    1.00    0.00    0.00    0.00    0.00
07:30:19  IST  all   95.35    0.00    4.20    0.00    0.00    0.45    0.00    0.00    0.00    0.00
07:30:24  IST  all   95.70    0.00    4.05    0.00    0.00    0.25    0.00    0.00    0.00    0.00
07:30:29  IST  all   85.69    0.00    3.20    0.00    0.00    0.10    0.00    0.00    0.00   11.01
07:30:34  IST  all   22.06    0.00    1.65    0.00    0.00    0.00    0.00    0.00    0.00   76.29
07:30:39  IST  all   36.04    0.00    1.65    0.00    0.00    0.00    0.00    0.00    0.00   62.31
07:30:44  IST  all   16.88    0.00    1.05    0.00    0.00    0.05    0.00    0.00    0.00   82.02
07:30:49  IST  all    6.56    0.00    0.35    0.00    0.00    0.00    0.00    0.00    0.00   93.09
07:30:54  IST  all    0.05    0.00    0.00    0.05    0.00    0.00    0.00    0.00    0.00   99.90
07:30:59  IST  all    0.00    0.00    0.05    0.00    0.00    0.00    0.00    0.00    0.00   99.95
07:31:04  IST  all    0.15    0.00    0.00    0.00    0.00    0.00    0.00    0.00    0.00   99.85
07:31:09  IST  all    0.00    0.00    0.05    0.00    0.00    0.00    0.00    0.00    0.00   99.95
07:31:14  IST  all    0.05    0.00    0.10    0.00    0.00    0.00    0.00    0.00    0.00   99.85
07:31:19  IST  all    0.00    0.00    0.15    0.00    0.00    0.00    0.00    0.00    0.00   99.85
07:31:24  IST  all    0.05    0.00    0.89    0.00    0.00    0.00    0.00    0.00    0.00   99.06
07:31:29  IST  all    0.00    0.00    0.30    0.00    0.00    0.00    0.00    0.00    0.00   99.70
07:31:34  IST  all    0.00    0.00    0.00    0.00    0.00    0.00    0.00    0.00    0.00  100.00
07:31:39  IST  all    0.15    0.00    0.00    0.00    0.00    0.00    0.00    0.00    0.00   99.85
07:31:44  IST  all    0.05    0.00    0.00    0.00    0.00    0.00    0.00    0.00    0.00   99.95
07:31:49  IST  all    0.00    0.00    0.10    0.00    0.00    0.00    0.00    0.00    0.00   99.90
07:31:54  IST  all    0.00    0.00    0.05    0.00    0.00    0.00    0.00    0.00    0.00   99.95
07:31:59  IST  all    0.00    0.00    0.05    0.00    0.00    0.00    0.00    0.00    0.00   99.95
07:32:04  IST  all    0.15    0.00    0.05    0.00    0.00    0.00    0.00    0.00    0.00   99.80
07:32:09  IST  all    0.00    0.00    0.00    0.00    0.00    0.00    0.00    0.00    0.00  100.00
07:32:14  IST  all    0.05    0.00    0.05    0.00    0.00    0.00    0.00    0.00    0.00   99.90
07:32:19  IST  all    0.05    0.00    0.10    0.00    0.00    0.00    0.00    0.00    0.00   99.85
07:32:24  IST  all    0.00    0.00    0.00    0.00    0.00    0.00    0.00    0.00    0.00  100.00
07:32:29  IST  all    0.00    0.00    0.00    0.00    0.00    0.00    0.00    0.00    0.00  100.00
07:32:34  IST  all    0.05    0.00    0.00    0.00    0.00    0.00    0.00    0.00    0.00   99.95
07:32:39  IST  all    0.00    0.00    0.05    0.05    0.00    0.00    0.00    0.00    0.00   99.90
07:32:44  IST  all    0.00    0.00    0.05    0.00    0.00    0.00    0.00    0.00    0.00   99.95

Average:     all   65.02    0.00    3.05    0.00    0.00    0.96    0.00    0.00    0.00   30.97
