Linux 4.15.0-117-generic (sl1-21) 	Friday 29 January 2021 	_x86_64_	(4 CPU)

12:30:08  IST  CPU    %usr   %nice    %sys %iowait    %irq   %soft  %steal  %guest  %gnice   %idle
12:30:13  IST  all    0.05    0.00    0.10    0.00    0.00    0.00    0.00    0.00    0.00   99.85
12:30:18  IST  all    0.00    0.00    0.05    0.00    0.00    0.00    0.00    0.00    0.00   99.95
12:30:23  IST  all    0.05    0.00    0.05    0.00    0.00    0.00    0.00    0.00    0.00   99.90
12:30:28  IST  all    0.05    0.00    0.00    0.00    0.00    0.00    0.00    0.00    0.00   99.95
12:30:33  IST  all    0.00    0.00    0.05    0.00    0.00    0.00    0.00    0.00    0.00   99.95
12:30:38  IST  all    0.05    0.00    0.05    0.00    0.00    0.00    0.00    0.00    0.00   99.90
12:30:43  IST  all    0.00    0.00    0.00    0.05    0.00    0.00    0.00    0.00    0.00   99.95
12:30:48  IST  all    0.00    0.00    0.00    0.00    0.00    0.00    0.00    0.00    0.00  100.00
12:30:53  IST  all   72.16    0.00    5.34    0.00    0.00    0.05    0.00    0.00    0.00   22.46
12:30:58  IST  all   94.40    0.00    5.55    0.00    0.00    0.05    0.00    0.00    0.00    0.00
12:31:03  IST  all   95.25    0.00    4.60    0.00    0.00    0.15    0.00    0.00    0.00    0.00
12:31:08  IST  all   95.40    0.00    4.50    0.00    0.00    0.10    0.00    0.00    0.00    0.00
12:31:13  IST  all   95.70    0.00    4.30    0.00    0.00    0.00    0.00    0.00    0.00    0.00
12:31:18  IST  all   95.75    0.00    4.20    0.00    0.00    0.05    0.00    0.00    0.00    0.00
12:31:23  IST  all   95.65    0.00    4.35    0.00    0.00    0.00    0.00    0.00    0.00    0.00
12:31:28  IST  all   95.80    0.00    4.15    0.00    0.00    0.05    0.00    0.00    0.00    0.00
12:31:33  IST  all   95.25    0.00    4.60    0.00    0.00    0.15    0.00    0.00    0.00    0.00
12:31:38  IST  all   95.75    0.00    4.25    0.00    0.00    0.00    0.00    0.00    0.00    0.00
12:31:43  IST  all   95.75    0.00    4.25    0.00    0.00    0.00    0.00    0.00    0.00    0.00
12:31:48  IST  all   95.10    0.00    4.75    0.00    0.00    0.15    0.00    0.00    0.00    0.00
12:31:53  IST  all   95.70    0.00    4.20    0.00    0.00    0.10    0.00    0.00    0.00    0.00
12:31:58  IST  all   95.45    0.00    4.40    0.00    0.00    0.15    0.00    0.00    0.00    0.00
12:32:03  IST  all   95.35    0.00    4.55    0.00    0.00    0.10    0.00    0.00    0.00    0.00
12:32:08  IST  all   95.30    0.00    4.55    0.00    0.00    0.15    0.00    0.00    0.00    0.00
12:32:13  IST  all   94.95    0.00    4.90    0.00    0.00    0.15    0.00    0.00    0.00    0.00
12:32:18  IST  all   95.45    0.00    4.35    0.00    0.00    0.20    0.00    0.00    0.00    0.00
12:32:23  IST  all   95.15    0.00    4.75    0.00    0.00    0.10    0.00    0.00    0.00    0.00
12:32:28  IST  all   95.30    0.00    4.50    0.00    0.00    0.20    0.00    0.00    0.00    0.00
12:32:33  IST  all   95.00    0.00    4.60    0.00    0.00    0.40    0.00    0.00    0.00    0.00
12:32:38  IST  all   95.75    0.00    4.15    0.00    0.00    0.10    0.00    0.00    0.00    0.00
12:32:43  IST  all   95.00    0.00    4.65    0.00    0.00    0.35    0.00    0.00    0.00    0.00
12:32:48  IST  all   94.85    0.00    4.90    0.00    0.00    0.25    0.00    0.00    0.00    0.00
12:32:53  IST  all   95.20    0.00    4.60    0.00    0.00    0.20    0.00    0.00    0.00    0.00
12:32:58  IST  all   95.10    0.00    4.80    0.00    0.00    0.10    0.00    0.00    0.00    0.00
12:33:03  IST  all   95.15    0.00    4.75    0.00    0.00    0.10    0.00    0.00    0.00    0.00
12:33:08  IST  all   95.35    0.00    4.50    0.00    0.00    0.15    0.00    0.00    0.00    0.00
12:33:13  IST  all   95.70    0.00    4.05    0.00    0.00    0.25    0.00    0.00    0.00    0.00
12:33:18  IST  all   95.55    0.00    4.15    0.00    0.00    0.30    0.00    0.00    0.00    0.00
12:33:23  IST  all   95.65    0.00    4.10    0.00    0.00    0.25    0.00    0.00    0.00    0.00
12:33:28  IST  all   95.15    0.00    4.70    0.00    0.00    0.15    0.00    0.00    0.00    0.00
12:33:33  IST  all   94.60    0.00    5.20    0.00    0.00    0.20    0.00    0.00    0.00    0.00
12:33:38  IST  all   95.25    0.00    4.60    0.00    0.00    0.15    0.00    0.00    0.00    0.00
12:33:43  IST  all   95.45    0.00    4.40    0.00    0.00    0.15    0.00    0.00    0.00    0.00
12:33:48  IST  all   95.35    0.00    4.35    0.00    0.00    0.30    0.00    0.00    0.00    0.00
12:33:53  IST  all   95.45    0.00    4.05    0.00    0.00    0.50    0.00    0.00    0.00    0.00
12:33:58  IST  all   95.20    0.00    4.20    0.00    0.00    0.60    0.00    0.00    0.00    0.00
12:34:03  IST  all   94.95    0.00    4.35    0.00    0.00    0.70    0.00    0.00    0.00    0.00
12:34:08  IST  all   94.85    0.00    4.60    0.00    0.00    0.55    0.00    0.00    0.00    0.00
12:34:13  IST  all   95.15    0.00    4.25    0.00    0.00    0.60    0.00    0.00    0.00    0.00
12:34:18  IST  all   95.20    0.00    4.15    0.00    0.00    0.65    0.00    0.00    0.00    0.00
12:34:23  IST  all   94.35    0.00    4.95    0.00    0.00    0.70    0.00    0.00    0.00    0.00
12:34:28  IST  all   95.05    0.00    4.35    0.00    0.00    0.60    0.00    0.00    0.00    0.00
12:34:33  IST  all   94.80    0.00    4.75    0.00    0.00    0.45    0.00    0.00    0.00    0.00
12:34:38  IST  all   95.25    0.00    4.60    0.00    0.00    0.15    0.00    0.00    0.00    0.00
12:34:43  IST  all   95.75    0.00    4.10    0.00    0.00    0.15    0.00    0.00    0.00    0.00
12:34:48  IST  all   95.10    0.00    4.85    0.00    0.00    0.05    0.00    0.00    0.00    0.00
12:34:53  IST  all   95.85    0.00    4.05    0.00    0.00    0.10    0.00    0.00    0.00    0.00
12:34:58  IST  all   95.40    0.00    4.45    0.00    0.00    0.15    0.00    0.00    0.00    0.00
12:35:03  IST  all   95.25    0.00    4.60    0.00    0.00    0.15    0.00    0.00    0.00    0.00
12:35:08  IST  all   96.05    0.00    3.85    0.00    0.00    0.10    0.00    0.00    0.00    0.00
12:35:13  IST  all   95.60    0.00    4.40    0.00    0.00    0.00    0.00    0.00    0.00    0.00
12:35:18  IST  all   95.20    0.00    4.80    0.00    0.00    0.00    0.00    0.00    0.00    0.00
12:35:23  IST  all   95.60    0.00    4.30    0.00    0.00    0.10    0.00    0.00    0.00    0.00
12:35:28  IST  all   95.10    0.00    4.80    0.00    0.00    0.10    0.00    0.00    0.00    0.00
12:35:33  IST  all   95.40    0.00    4.55    0.00    0.00    0.05    0.00    0.00    0.00    0.00
12:35:38  IST  all   95.70    0.00    4.25    0.00    0.00    0.05    0.00    0.00    0.00    0.00
12:35:43  IST  all   95.30    0.00    4.65    0.00    0.00    0.05    0.00    0.00    0.00    0.00
12:35:48  IST  all   95.65    0.00    4.30    0.00    0.00    0.05    0.00    0.00    0.00    0.00
12:35:53  IST  all   95.50    0.00    4.50    0.00    0.00    0.00    0.00    0.00    0.00    0.00
12:35:58  IST  all   95.65    0.00    4.25    0.00    0.00    0.10    0.00    0.00    0.00    0.00
12:36:03  IST  all   95.45    0.00    4.50    0.00    0.00    0.05    0.00    0.00    0.00    0.00
12:36:08  IST  all   94.60    0.00    5.40    0.00    0.00    0.00    0.00    0.00    0.00    0.00
12:36:13  IST  all   63.22    0.00    2.60    0.00    0.00    0.10    0.00    0.00    0.00   34.08
12:36:18  IST  all   29.91    0.00    1.65    0.05    0.00    0.00    0.00    0.00    0.00   68.38
12:36:23  IST  all   40.47    0.00    2.35    0.00    0.00    0.05    0.00    0.00    0.00   57.13
12:36:28  IST  all   26.65    0.00    1.25    0.05    0.00    0.10    0.00    0.00    0.00   71.95
12:36:33  IST  all    2.85    0.00    0.25    0.00    0.00    0.00    0.00    0.00    0.00   96.90
12:36:38  IST  all    0.05    0.00    0.05    0.00    0.00    0.00    0.00    0.00    0.00   99.90
12:36:43  IST  all    0.00    0.00    0.05    0.00    0.00    0.00    0.00    0.00    0.00   99.95
12:36:48  IST  all    0.00    0.00    0.05    0.00    0.00    0.00    0.00    0.00    0.00   99.95
12:36:53  IST  all    0.00    0.00    0.05    0.00    0.00    0.00    0.00    0.00    0.00   99.95
12:36:58  IST  all    0.00    0.00    0.00    0.00    0.00    0.00    0.00    0.00    0.00  100.00
12:37:03  IST  all    0.05    0.00    0.00    0.00    0.00    0.00    0.00    0.00    0.00   99.95
12:37:08  IST  all    0.05    0.00    0.05    0.00    0.00    0.00    0.00    0.00    0.00   99.90
12:37:13  IST  all    0.05    0.00    0.10    0.00    0.00    0.00    0.00    0.00    0.00   99.85
12:37:18  IST  all    0.00    0.00    0.00    0.00    0.00    0.00    0.00    0.00    0.00  100.00
12:37:23  IST  all    0.00    0.00    0.05    0.10    0.00    0.00    0.00    0.00    0.00   99.85
12:37:28  IST  all    0.25    0.00    0.00    0.00    0.00    0.00    0.00    0.00    0.00   99.75

Average:     all   70.93    0.00    3.38    0.00    0.00    0.14    0.00    0.00    0.00   25.55
